
Panel 1:
    1  2  3  4  5  6  7  8  9 10 11 12 13 14 15 16 17 18 19 20 21 22 23 24 25 26 27 28 29 30 31 32
 1  5  5  5  5  5  5  5  5  5  5  5  5  5  5  5  5  5  5  5  5  5  5  5  5  5  5  5  5  5  5  5  5 1
 2  5  5  5  5  5  5  5  5  5  5  5  5  5  5  5  5  5  5  5  5  5  5  5  5  5  5  1  1  1  1  1  1 2
 3  5  5  5  5  5  5  5  5  5  5  5  5  5  5  5  5  5  5  5  5  5  5  1  1  1  1  1  1  1  1  1  1 3
 4  5  5  5  5  5  5  5  5  5  5  5  5  5  5  5  5  5  5  5  1  1  1  1  1  1  1  1  1  1  1  1  1 4
 5  5  5  5  5  5  5  5  5  5  5  5  5  5  5  5  5  5  1  1  1  1  1  1  1  1  1  5  5  5  5  5  5 5
 6  5  5  5  5  5  5  5  5  5  5  5  5  5  5  5  5  1  1  1  1  1  1  5  5  5  5  5  5  5  5  5  5 6
 7  5  5  5  5  5  5  5  5  5  5  5  5  5  5  1  1  1  1  1  1  5  5  5  5  5  5  5  5  5  5  5  5 7
 8  5  5  5  5  5  5  5  5  5  5  5  5  5  1  1  1  1  1  5  5  5  5  5  5  5  5  5  5  5  5  5  5 8
 9  5  5  5  5  5  5  5  5  5  5  5  3  1  1  1  1  1  1  5  5  5  5  5  5  5  5  5  5  5  5  5  5 9
10  5  5  5  5  5  5  5  5  5  5  1  1  1  1  1  1  1  1  5  5  5  5  5  5  5  5  5  5  5  5  5  5 10
11  5  5  5  5  5  5  5  5  5  1  1  1  1  1  1  5  1  1  5  5  5  5  5  5  5  5  5  5  5  5  5  5 11
12  5  5  5  5  5  5  5  5  2  1  1  1  1  2  5  5  1  1  5  5  5  5  5  5  5  5  5  5  5  5  5  5 12
13  5  5  5  5  5  5  5  5  1  1  1  1  1  5  5  5  5  1  1  5  5  5  5  5  5  5  5  5  5  5  5  5 13
14  5  5  5  5  5  5  5  1  1  1  1  1  5  5  5  5  5  1  1  3  5  5  5  5  5  5  5  5  5  5  5  5 14
15  5  5  5  5  5  5  1  1  1  1  1  5  5  5  5  5  5  1  1  1  3  5  5  5  5  5  5  5  5  5  5  5 15
16  5  5  5  5  5  3  1  1  1  1  5  5  5  5  5  5  5  5  5  1  1  1  5  5  5  5  5  5  5  5  5  5 16
17  5  5  5  5  5  1  1  1  1  1  5  5  5  5  5  5  5  5  5  5  5  5  4  5  5  5  5  5  5  5  5  5 17
18  5  5  5  5  1  1  1  1  1  5  5  5  5  5  5  5  5  5  5  5  5  5  5  5  5  5  5  5  5  5  5  5 18
19  5  5  5  5  1  1  1  1  1  5  5  5  5  5  5  5  5  5  5  5  5  5  5  5  5  5  5  5  5  5  5  5 19
20  5  5  5  1  1  1  1  1  5  5  5  5  5  5  5  5  5  5  5  5  5  5  5  5  5  5  5  5  5  5  5  5 20
21  5  5  5  1  1  1  1  1  5  5  5  5  5  5  5  5  5  5  5  5  5  5  5  5  5  5  5  5  5  5  5  5 21
22  5  5  5  1  1  1  1  5  5  5  5  5  5  5  5  5  5  5  5  5  5  5  5  5  5  5  5  5  5  5  5  5 22
23  5  5  1  1  1  1  1  5  5  5  5  5  5  5  5  5  1  1  1  1  5  5  5  5  5  5  5  5  5  5  5  5 23
24  5  5  1  1  1  1  1  5  5  5  5  5  5  5  1  1  1  1  1  1  1  1  5  5  5  5  5  5  5  5  5  5 24
25  5  5  1  1  1  1  1  5  5  5  5  5  5  1  1  1  1  1  1  1  1  1  1  1  5  5  5  5  5  5  5  5 25
26  5  1  1  1  1  1  5  5  5  5  5  5  1  1  1  1  1  1  1  1  1  1  1  1  1  5  5  5  5  5  5  5 26
27  5  1  1  1  1  1  5  5  5  5  5  3  1  1  1  1  1  1  1  1  1  1  1  1  1  1  5  5  5  5  5  5 27
28  5  1  1  1  1  1  5  5  5  5  5  1  1  1  1  1  1  1  1  1  1  1  1  1  1  1  3  5  5  5  5  5 28
29  5  1  1  1  1  1  5  5  5  5  5  1  1  1  1  1  1  1  1  1  1  1  1  1  1  1  1  5  5  5  5  5 29
30  5  1  1  1  1  1  5  5  5  5  2  1  1  1  1  1  1  1  1  1  1  1  1  1  1  1  1  5  5  5  5  5 30
31  5  1  1  1  1  1  5  5  5  5  2  1  1  1  1  1  1  1  1  1  1  1  1  1  1  1  1  1  5  5  5  5 31
32  5  1  1  1  1  1  5  5  5  5  5  1  1  1  1  1  1  1  1  1  1  1  1  1  1  1  1  1  5  5  5  5 32

Panel 2:
    1  2  3  4  5  6  7  8  9 10 11 12 13 14 15 16 17 18 19 20 21 22 23 24 25 26 27 28 29 30 31 32
 1  5  5  5  5  5  5  5  5  5  5  5  5  5  5  5  5  5  5  5  5  5  5  5  5  5  5  5  5  5  5  5  5 1
 2  1  1  1  1  1  1  5  5  5  5  5  5  5  5  5  5  5  5  5  5  5  5  5  5  5  5  5  5  5  5  5  5 2
 3  1  1  1  1  1  1  1  1  1  1  5  5  5  5  5  5  5  5  5  5  5  5  5  5  5  5  5  5  5  5  5  5 3
 4  1  1  1  1  1  1  1  1  1  1  1  1  5  5  5  5  5  5  5  5  5  5  5  5  5  5  5  5  5  5  5  5 4
 5  5  5  5  5  5  1  1  1  1  1  1  1  1  1  4  5  5  5  5  5  5  5  5  5  5  5  5  5  5  5  5  5 5
 6  5  5  5  5  5  5  5  5  5  1  1  1  1  1  1  1  5  5  5  5  5  5  5  5  5  5  5  5  5  5  5  5 6
 7  5  5  5  5  5  5  5  5  5  5  5  5  1  1  1  1  1  1  5  5  5  5  5  5  5  5  5  5  5  5  5  5 7
 8  5  5  5  5  5  5  5  5  5  5  5  5  5  5  1  1  1  1  1  5  5  5  5  5  5  5  5  5  5  5  5  5 8
 9  5  5  5  5  5  5  5  5  5  5  5  5  5  5  5  1  1  1  1  1  5  5  5  5  5  5  5  5  5  5  5  5 9
10  5  5  5  5  5  5  5  5  5  5  5  5  5  5  5  5  1  1  1  1  1  5  5  5  5  5  5  5  5  5  5  5 10
11  5  5  5  5  5  5  5  5  5  5  5  5  5  5  5  1  1  1  1  1  1  1  5  5  5  5  5  5  5  5  5  5 11
12  5  5  5  5  5  5  5  5  5  5  5  5  5  4  1  1  1  5  1  1  1  1  1  5  5  5  5  5  5  5  5  5 12
13  5  5  5  5  5  5  5  5  5  5  5  5  1  1  1  5  5  5  5  1  1  1  1  1  5  5  5  5  5  5  5  5 13
14  5  5  5  5  5  5  5  5  5  5  5  1  5  5  5  5  5  5  5  5  1  1  1  1  1  5  5  5  5  5  5  5 14
15  5  5  5  5  5  5  5  5  5  5  5  5  5  5  5  5  5  5  5  5  5  1  1  1  1  1  5  5  5  5  5  5 15
16  5  5  5  5  5  5  5  5  5  5  5  5  5  5  5  5  5  5  5  5  5  5  1  1  1  1  5  5  5  5  5  5 16
17  5  5  5  5  5  5  5  5  5  5  5  5  5  5  5  5  5  5  5  5  5  5  1  1  1  1  1  5  5  5  5  5 17
18  5  5  5  5  5  5  5  5  5  5  5  5  5  5  5  5  5  5  5  5  5  5  5  1  1  1  1  5  5  5  5  5 18
19  5  5  5  5  5  5  5  5  5  5  5  5  5  5  5  5  5  5  5  5  5  5  5  1  1  1  1  1  5  5  5  5 19
20  5  5  5  5  5  5  5  5  5  5  5  5  5  5  5  5  5  5  5  5  5  5  5  5  1  1  1  1  5  5  5  5 20
21  5  5  5  5  5  5  5  5  5  5  5  5  5  5  5  5  5  5  5  5  5  5  5  5  1  1  1  1  1  5  5  5 21
22  5  5  5  5  5  5  5  5  5  5  5  5  5  5  5  5  5  5  5  5  5  5  5  5  5  1  1  1  1  5  5  5 22
23  5  5  5  5  5  5  5  5  5  5  5  5  1  1  1  1  1  5  5  5  5  5  5  5  5  1  1  1  1  1  5  5 23
24  5  5  5  5  5  5  5  5  5  5  1  1  1  1  1  1  1  1  1  5  5  5  5  5  5  1  1  1  1  1  5  5 24
25  5  5  5  5  5  5  5  5  3  1  1  1  1  1  1  1  1  1  1  1  5  5  5  5  5  5  1  1  1  1  5  5 25
26  5  5  5  5  5  5  5  4  1  1  1  1  1  1  1  1  1  1  1  1  1  5  5  5  5  5  1  1  1  1  5  5 26
27  5  5  5  5  5  5  5  1  1  1  1  1  1  1  1  1  1  1  1  1  1  5  5  5  5  5  1  1  1  1  1  5 27
28  5  5  5  5  5  5  1  1  1  1  1  1  1  1  1  1  1  1  1  1  1  1  5  5  5  5  1  1  1  1  1  5 28
29  5  5  5  5  5  5  1  1  1  1  1  1  1  1  1  1  1  1  1  1  1  1  5  5  5  5  1  1  1  1  1  5 29
30  5  5  5  5  5  5  1  1  1  1  1  1  1  1  1  1  1  1  1  1  1  1  5  5  5  5  1  1  1  1  1  5 30
31  5  5  5  5  5  1  1  1  1  1  1  1  1  1  1  1  1  1  1  1  1  1  5  5  5  5  1  1  1  1  1  5 31
32  5  5  5  5  5  1  1  1  1  1  1  1  1  1  1  1  1  1  1  1  1  1  5  5  5  5  1  1  1  1  1  5 32

--------------------------------------------------------------------------------

Panel 3:
    1  2  3  4  5  6  7  8  9 10 11 12 13 14 15 16 17 18 19 20 21 22 23 24 25 26 27 28 29 30 31 32
 1  5  1  1  1  1  1  2  5  5  5  5  1  1  1  1  1  1  1  1  1  1  1  1  1  1  1  1  5  5  5  5  5 1
 2  5  1  1  1  1  1  1  5  5  5  5  5  5  1  1  1  1  1  1  1  1  1  1  1  1  1  5  5  5  5  1  5 2
 3  5  1  1  1  1  1  1  5  5  5  5  5  5  5  5  5  5  5  5  5  5  5  5  5  5  5  5  5  5  1  1  5 3
 4  5  1  1  1  1  1  1  1  5  5  5  5  5  5  5  5  5  5  5  5  5  5  5  5  5  5  5  5  5  1  1  5 4
 5  5  1  1  1  1  1  1  1  1  5  5  5  5  5  5  5  5  5  5  5  5  5  5  5  5  5  5  5  1  1  1  5 5
 6  5  1  1  1  1  1  1  1  1  1  1  5  5  5  5  5  5  5  5  5  5  5  5  5  5  5  5  5  1  1  1  5 6
 7  5  1  1  1  1  1  1  1  1  1  1  1  1  1  5  5  5  5  5  5  5  5  5  5  5  5  5  5  1  1  1  5 7
 8  5  5  1  1  1  1  1  1  1  1  1  1  1  1  1  1  1  1  1  5  5  5  5  5  5  5  5  5  1  1  1  5 8
 9  5  5  1  1  1  1  1  1  1  1  1  1  1  1  1  1  1  1  1  1  5  5  5  5  5  5  5  5  1  1  1  5 9
10  5  5  1  1  1  1  1  1  1  1  1  1  1  1  1  1  1  1  1  1  1  5  5  5  5  5  5  5  1  1  1  5 10
11  5  5  2  1  1  1  1  1  1  1  1  1  1  1  1  1  1  1  1  1  1  5  5  5  5  5  5  5  1  1  1  1 11
12  5  5  5  1  1  1  1  1  1  1  1  1  1  1  1  1  1  1  1  1  1  5  5  5  5  5  5  5  1  1  1  1 12
13  5  5  5  1  1  1  1  1  1  1  1  1  1  1  1  1  1  1  1  1  1  5  5  5  5  5  5  5  1  1  1  1 13
14  5  5  5  5  1  1  1  1  1  1  1  1  1  1  1  1  1  1  1  1  2  5  5  5  5  5  5  5  5  5  5  5 14
15  5  5  5  5  1  1  1  1  1  1  1  1  1  1  1  1  1  1  1  1  5  5  5  5  5  5  5  5  5  5  5  5 15
16  5  5  5  5  5  1  1  1  1  1  1  1  1  1  1  1  1  1  1  1  5  5  5  5  5  5  5  5  5  5  5  5 16
17  5  5  5  5  5  1  1  1  1  1  1  1  1  1  1  1  1  1  1  1  5  5  5  5  5  5  5  5  5  5  5  5 17
18  5  5  5  5  5  5  1  1  1  1  1  1  1  1  1  1  1  1  1  1  5  5  5  5  5  1  5  5  5  5  5  5 18
19  5  5  5  5  5  5  5  1  1  1  1  1  1  1  1  1  1  1  1  1  5  5  5  5  5  1  5  5  5  5  5  1 19
20  5  5  5  5  5  5  5  1  1  1  1  1  1  1  1  1  1  1  1  1  5  5  5  5  5  1  2  5  5  5  5  1 20
21  5  5  5  5  5  5  5  5  1  1  1  1  1  1  1  1  1  1  1  1  5  5  5  5  5  1  1  5  5  5  5  1 21
22  5  5  5  5  5  5  5  5  5  1  1  1  1  1  1  1  1  1  1  1  5  5  5  5  5  1  1  5  5  5  5  1 22
23  5  5  5  5  5  5  5  5  5  5  1  1  1  1  1  1  1  1  1  1  5  5  5  5  5  1  1  5  5  5  5  1 23
24  5  5  5  5  5  5  5  5  5  5  5  1  1  1  1  1  1  1  1  1  5  5  5  5  5  1  1  2  5  5  5  1 24
25  5  5  5  5  5  5  5  5  5  5  5  5  1  1  1  1  1  1  1  1  1  5  5  5  3  1  1  1  1  1  1  1 25
26  5  5  5  5  5  5  5  5  5  5  5  5  5  5  1  1  1  1  1  1  1  1  1  1  1  1  1  1  1  1  1  1 26
27  5  5  5  5  5  5  5  5  5  5  5  5  5  5  5  1  1  1  1  1  1  1  1  1  1  1  1  1  1  1  1  1 27
28  5  5  5  5  5  5  5  5  5  5  5  5  5  5  5  5  5  1  1  1  1  1  1  1  1  1  1  1  1  1  1  1 28
29  5  5  5  5  5  5  5  5  5  5  5  5  5  5  5  5  5  5  5  1  1  1  1  1  1  1  1  1  1  1  1  1 29
30  5  5  5  5  5  5  5  5  5  5  5  5  5  5  5  5  5  5  5  5  5  1  1  1  1  1  1  1  1  1  1  1 30
31  5  5  5  5  5  5  5  5  5  5  5  5  5  5  5  5  5  5  5  5  5  5  5  5  4  1  1  1  1  1  1  1 31
32  5  5  5  5  5  5  5  5  5  5  5  5  5  5  5  5  5  5  5  5  5  5  5  5  5  5  5  5  5  5  5  5 32

Panel 4:
    1  2  3  4  5  6  7  8  9 10 11 12 13 14 15 16 17 18 19 20 21 22 23 24 25 26 27 28 29 30 31 32
 1  5  5  5  5  5  5  1  1  1  1  1  1  1  1  1  1  1  1  1  1  1  1  5  5  5  5  1  1  1  1  1  5 1
 2  5  5  5  5  5  5  1  1  1  1  1  1  1  1  1  1  1  1  1  1  2  5  5  5  5  5  1  1  1  1  1  5 2
 3  5  1  5  5  5  5  5  5  5  5  5  5  5  5  5  5  5  5  5  5  5  5  5  5  5  1  1  1  1  1  1  5 3
 4  5  1  1  5  5  5  5  5  5  5  5  5  5  5  5  5  5  5  5  5  5  5  5  5  5  1  1  1  1  1  1  5 4
 5  5  1  1  5  5  5  5  5  5  5  5  5  5  5  5  5  5  5  5  5  5  5  5  5  1  1  1  1  1  1  1  5 5
 6  5  1  1  5  5  5  5  5  5  5  5  5  5  5  5  5  5  5  5  5  5  5  1  1  1  1  1  1  1  1  1  5 6
 7  5  1  1  1  5  5  5  5  5  5  5  5  5  5  5  5  5  2  1  1  1  1  1  1  1  1  1  1  1  1  5  5 7
 8  5  1  1  1  5  5  5  5  5  5  5  5  5  1  1  1  1  1  1  1  1  1  1  1  1  1  1  1  1  1  5  5 8
 9  5  1  1  1  5  5  5  5  5  5  5  5  1  1  1  1  1  1  1  1  1  1  1  1  1  1  1  1  1  1  5  5 9
10  1  1  1  1  5  5  5  5  5  5  5  4  1  1  1  1  1  1  1  1  1  1  1  1  1  1  1  1  1  1  5  5 10
11  1  1  1  1  5  5  5  5  5  5  5  1  1  1  1  1  1  1  1  1  1  1  1  1  1  1  1  1  1  5  5  5 11
12  1  1  1  1  5  5  5  5  5  5  5  1  1  1  1  1  1  1  1  1  1  1  1  1  1  1  1  1  1  5  5  5 12
13  1  1  1  1  5  5  5  5  5  5  5  1  1  1  1  1  1  1  1  1  1  1  1  1  1  1  1  1  1  5  5  5 13
14  5  5  5  5  5  5  5  5  5  5  5  1  1  1  1  1  1  1  1  1  1  1  1  1  1  1  1  1  5  5  5  5 14
15  5  5  5  5  5  5  5  5  5  5  5  1  1  1  1  1  1  1  1  1  1  1  1  1  1  1  1  1  5  5  5  5 15
16  5  5  5  5  5  5  5  5  5  5  5  2  1  1  1  1  1  1  1  1  1  1  1  1  1  1  1  5  5  5  5  5 16
17  5  5  5  5  5  5  5  5  5  5  5  4  1  1  1  1  1  1  1  1  1  1  1  1  1  1  4  5  5  5  5  5 17
18  1  5  5  5  5  5  5  5  5  5  5  5  1  1  1  1  1  1  1  1  1  1  1  1  1  1  5  5  5  5  5  5 18
19  1  5  5  5  5  5  1  5  5  5  5  5  1  1  1  1  1  1  1  1  1  1  1  1  1  5  5  5  5  5  5  5 19
20  1  5  5  5  5  1  1  5  5  5  5  5  1  1  1  1  1  1  1  1  1  1  1  1  5  5  5  5  5  5  5  5 20
21  1  5  5  5  5  1  1  5  5  5  5  5  1  1  1  1  1  1  1  1  1  1  1  1  5  5  5  5  5  5  5  5 21
22  1  5  5  5  1  1  1  5  5  5  5  5  1  1  1  1  1  1  1  1  1  1  1  5  5  5  5  5  5  5  5  5 22
23  1  5  5  1  1  1  1  5  5  5  5  5  1  1  1  1  1  1  1  1  1  1  5  5  5  5  5  5  5  5  5  5 23
24  1  1  1  1  1  1  1  5  5  5  5  5  1  1  1  1  1  1  1  1  1  5  5  5  5  5  5  5  5  5  5  5 24
25  1  1  1  1  1  1  1  5  5  5  5  4  1  1  1  1  1  1  1  5  5  5  5  5  5  5  5  5  5  5  5  5 25
26  1  1  1  1  1  1  1  1  5  5  1  1  1  1  1  1  1  1  5  5  5  5  5  5  5  5  5  5  5  5  5  5 26
27  1  1  1  1  1  1  1  1  1  1  1  1  1  1  1  1  1  5  5  5  5  5  5  5  5  5  5  5  5  5  5  5 27
28  1  1  1  1  1  1  1  1  1  1  1  1  1  1  1  5  5  5  5  5  5  5  5  5  5  5  5  5  5  5  5  5 28
29  1  1  1  1  1  1  1  1  1  1  1  1  1  5  5  5  5  5  5  5  5  5  5  5  5  5  5  5  5  5  5  5 29
30  1  1  1  1  1  1  1  1  1  1  2  5  5  5  5  5  5  5  5  5  5  5  5  5  5  5  5  5  5  5  5  5 30
31  1  1  1  1  1  1  1  5  5  5  5  5  5  5  5  5  5  5  5  5  5  5  5  5  5  5  5  5  5  5  5  5 31
32  5  5  5  5  5  5  5  5  5  5  5  5  5  5  5  5  5  5  5  5  5  5  5  5  5  5  5  5  5  5  5  5 32
